# Format <LP id> <Terminal ID> <QoS class> <Total Data Sent> <Total Data Received> <Avg packet latency> <Max packet Latency> <Min packet Latency> <# Packets finished> <Avg Hops> <Avg Busy Time (over rails)>
2 0 0 0 100000000 933.708977 934.193420 507.152557 1562500 2.000000 0.000000
3 1 0 100000000 0 -nan 0.000000 2147483647.000000 0 -nan 0.000000
7 2 0 0 100000000 507.677132 722.101408 507.152557 1562500 2.000000 0.000000
8 3 0 0 100000000 1136.684706 1227.584076 709.536743 1562500 3.000000 0.000000
12 4 0 0 0 -nan 0.000000 2147483647.000000 0 -nan 0.000000
13 5 0 0 0 -nan 0.000000 2147483647.000000 0 -nan 0.000000
17 6 0 0 0 -nan 0.000000 2147483647.000000 0 -nan 0.000000
18 7 0 0 0 -nan 0.000000 2147483647.000000 0 -nan 0.000000
22 8 0 0 0 -nan 0.000000 2147483647.000000 0 -nan 0.000000
23 9 0 0 0 -nan 0.000000 2147483647.000000 0 -nan 0.000000
27 10 0 0 0 -nan 0.000000 2147483647.000000 0 -nan 0.000000
28 11 0 0 0 -nan 0.000000 2147483647.000000 0 -nan 0.000000
32 12 0 0 0 -nan 0.000000 2147483647.000000 0 -nan 0.000000
33 13 0 0 0 -nan 0.000000 2147483647.000000 0 -nan 0.000000
37 14 0 100000000 0 -nan 0.000000 2147483647.000000 0 -nan 3722477.444402
38 15 0 100000000 0 -nan 0.000000 2147483647.000000 0 -nan 3721659.492889
42 16 0 0 0 -nan 0.000000 2147483647.000000 0 -nan 0.000000
43 17 0 0 0 -nan 0.000000 2147483647.000000 0 -nan 0.000000
47 18 0 0 0 -nan 0.000000 2147483647.000000 0 -nan 0.000000
48 19 0 0 0 -nan 0.000000 2147483647.000000 0 -nan 0.000000
52 20 0 0 0 -nan 0.000000 2147483647.000000 0 -nan 0.000000
53 21 0 0 0 -nan 0.000000 2147483647.000000 0 -nan 0.000000
57 22 0 0 0 -nan 0.000000 2147483647.000000 0 -nan 0.000000
58 23 0 0 0 -nan 0.000000 2147483647.000000 0 -nan 0.000000
62 24 0 0 0 -nan 0.000000 2147483647.000000 0 -nan 0.000000
63 25 0 0 0 -nan 0.000000 2147483647.000000 0 -nan 0.000000
67 26 0 0 0 -nan 0.000000 2147483647.000000 0 -nan 0.000000
68 27 0 0 0 -nan 0.000000 2147483647.000000 0 -nan 0.000000
72 28 0 0 0 -nan 0.000000 2147483647.000000 0 -nan 0.000000
73 29 0 0 0 -nan 0.000000 2147483647.000000 0 -nan 0.000000
77 30 0 0 0 -nan 0.000000 2147483647.000000 0 -nan 0.000000
78 31 0 0 0 -nan 0.000000 2147483647.000000 0 -nan 0.000000
82 32 0 0 0 -nan 0.000000 2147483647.000000 0 -nan 0.000000
83 33 0 0 0 -nan 0.000000 2147483647.000000 0 -nan 0.000000
87 34 0 0 0 -nan 0.000000 2147483647.000000 0 -nan 0.000000
88 35 0 0 0 -nan 0.000000 2147483647.000000 0 -nan 0.000000
92 36 0 0 0 -nan 0.000000 2147483647.000000 0 -nan 0.000000
93 37 0 0 0 -nan 0.000000 2147483647.000000 0 -nan 0.000000
97 38 0 0 0 -nan 0.000000 2147483647.000000 0 -nan 0.000000
98 39 0 0 0 -nan 0.000000 2147483647.000000 0 -nan 0.000000
102 40 0 0 0 -nan 0.000000 2147483647.000000 0 -nan 0.000000
103 41 0 0 0 -nan 0.000000 2147483647.000000 0 -nan 0.000000
107 42 0 0 0 -nan 0.000000 2147483647.000000 0 -nan 0.000000
108 43 0 0 0 -nan 0.000000 2147483647.000000 0 -nan 0.000000
112 44 0 0 0 -nan 0.000000 2147483647.000000 0 -nan 0.000000
113 45 0 0 0 -nan 0.000000 2147483647.000000 0 -nan 0.000000
117 46 0 0 0 -nan 0.000000 2147483647.000000 0 -nan 0.000000
118 47 0 0 0 -nan 0.000000 2147483647.000000 0 -nan 0.000000
122 48 0 0 0 -nan 0.000000 2147483647.000000 0 -nan 0.000000
123 49 0 0 0 -nan 0.000000 2147483647.000000 0 -nan 0.000000
127 50 0 16 16 400.745058 500.894070 300.596046 2 1.500000 0.000000
128 51 0 16 16 400.745058 500.894070 300.596046 2 1.500000 0.000000
132 52 0 16 16 400.745058 500.894070 300.596046 2 1.500000 0.000000
133 53 0 16 16 400.745058 500.894070 300.596046 2 1.500000 0.000000
137 54 0 0 0 -nan 0.000000 2147483647.000000 0 -nan 0.000000
138 55 0 0 0 -nan 0.000000 2147483647.000000 0 -nan 0.000000
142 56 0 0 0 -nan 0.000000 2147483647.000000 0 -nan 0.000000
143 57 0 0 0 -nan 0.000000 2147483647.000000 0 -nan 0.000000
147 58 0 0 0 -nan 0.000000 2147483647.000000 0 -nan 0.000000
148 59 0 0 0 -nan 0.000000 2147483647.000000 0 -nan 0.000000
152 60 0 0 0 -nan 0.000000 2147483647.000000 0 -nan 0.000000
153 61 0 0 0 -nan 0.000000 2147483647.000000 0 -nan 0.000000
157 62 0 0 0 -nan 0.000000 2147483647.000000 0 -nan 0.000000
158 63 0 0 0 -nan 0.000000 2147483647.000000 0 -nan 0.000000
162 64 0 0 0 -nan 0.000000 2147483647.000000 0 -nan 0.000000
163 65 0 0 0 -nan 0.000000 2147483647.000000 0 -nan 0.000000
167 66 0 0 0 -nan 0.000000 2147483647.000000 0 -nan 0.000000
168 67 0 0 0 -nan 0.000000 2147483647.000000 0 -nan 0.000000
172 68 0 0 0 -nan 0.000000 2147483647.000000 0 -nan 0.000000
173 69 0 0 0 -nan 0.000000 2147483647.000000 0 -nan 0.000000
177 70 0 0 0 -nan 0.000000 2147483647.000000 0 -nan 0.000000
178 71 0 0 0 -nan 0.000000 2147483647.000000 0 -nan 0.000000
