# Format <LP ID> <Terminal ID> <Job ID> <Local Rank> <Total sends> <Total Recvs> <Bytes sent> <Bytes recvd> <Send time> <Comm. time> <Compute time> <Avg msg time> <Max Msg Time>
 0 0 1 1 0 1562500 0 100000000 974506444373.471313 0.000000 0.000000 623684.124399 1244500.392047
 1 1 2 0 1562500 0 100000000 0 0.000000 93018213.933755 0.000000 -nan 0.000000
 5 2 2 1 0 1562500 0 100000000 796354103.047953 0.000000 0.000000 509.666626 1976.277093
 6 3 0 1 0 1562500 0 100000000 2914495086624.537598 0.000000 0.000000 1865276.855440 3727929.158263
 35 14 0 0 1562500 0 100000000 0 0.000000 3725288.286805 0.000000 -nan 0.000000
 36 15 1 0 1562500 0 100000000 0 0.000000 6208813.340993 0.000000 -nan 0.000000
 125 50 3 0 2 2 16 16 7833.742384 7833.584891 4000.000000 0.000000 0.000000
 126 51 3 1 2 2 16 16 7833.273258 7833.058460 4000.000000 0.000000 0.000000
 130 52 3 2 2 2 16 16 7833.231085 7833.675780 4000.000000 0.000000 0.000000
 131 53 3 3 2 2 16 16 7833.411266 7833.340863 4000.000000 0.000000 0.000000