# Format <LP ID> <Terminal ID> <Job ID> <Local Rank> <Total sends> <Total Recvs> <Bytes sent> <Bytes recvd> <Send time> <Comm. time> <Compute time> <Avg msg time> <Max Msg Time>
 0 0 1 1 0 1562500 0 100000000 474511344566.866394 0.000000 0.000000 303687.260523 667990.739166
 1 1 2 0 1562500 0 100000000 0 0.000000 3725289.902619 0.000000 -nan 0.000000
 5 2 2 1 0 1562500 0 100000000 1594636878788.423828 0.000000 0.000000 1020567.602425 2040770.895053
 6 3 0 1 0 1562500 0 100000000 4811376038005.900391 0.000000 0.000000 3079280.664324 5291875.663787
 35 14 0 0 1562500 0 100000000 0 0.000000 3727289.413212 0.000000 -nan 0.000000
 36 15 1 0 1562500 0 100000000 0 0.000000 9310218.967376 0.000000 -nan 0.000000
 125 50 3 0 2 2 16 16 7833.742384 7833.584891 4000.000000 0.000000 0.000000
 126 51 3 1 2 2 16 16 7833.273258 7833.058460 4000.000000 0.000000 0.000000
 130 52 3 2 2 2 16 16 7833.231085 7833.675780 4000.000000 0.000000 0.000000
 131 53 3 3 2 2 16 16 7833.411266 7833.340863 4000.000000 0.000000 0.000000