# Format <LP ID> <Terminal ID> <Job ID> <Local Rank> <Total sends> <Total Recvs> <Bytes sent> <Bytes recvd> <Send time> <Comm. time> <Compute time> <Avg msg time> <Max Msg Time>
 0 0 1 1 0 1562500 0 100000000 2263286729799.735352 0.000000 0.000000 1448503.507072 2483287.344161
 1 1 2 0 1562500 0 100000000 0 0.000000 6210816.057038 0.000000 -nan 0.000000
 5 2 2 1 0 1562500 0 100000000 1077108331.973081 0.000000 0.000000 689.349332 692.577390
 6 3 0 1 0 1562500 0 100000000 2263569745299.313965 0.000000 0.000000 1448684.636992 2483958.843268
 35 14 0 0 1562500 0 100000000 0 0.000000 6207812.949695 0.000000 -nan 0.000000
 36 15 1 0 1562500 0 100000000 0 0.000000 6209812.711924 0.000000 -nan 0.000000
 125 50 3 0 2 2 16 16 7833.742384 7833.584891 4000.000000 0.000000 0.000000
 126 51 3 1 2 2 16 16 7833.273258 7833.058460 4000.000000 0.000000 0.000000
 130 52 3 2 2 2 16 16 7833.231085 7833.675780 4000.000000 0.000000 0.000000
 131 53 3 3 2 2 16 16 7833.411266 7833.340863 4000.000000 0.000000 0.000000