# Format <LP ID> <Terminal ID> <Job ID> <Local Rank> <Total sends> <Total Recvs> <Bytes sent> <Bytes recvd> <Send time> <Comm. time> <Compute time> <Avg msg time> <Max Msg Time>
 0 0 1 1 0 1562500 0 100000000 2882711735465.456543 0.000000 0.000000 1844935.510698 2927441.705964
 1 1 2 0 1562500 0 100000000 0 0.000000 4658109.597380 0.000000 -nan 0.000000
 5 2 2 1 0 1562500 0 100000000 865296788961.772095 0.000000 0.000000 553789.944936 1107984.528855
 6 3 0 1 0 1562500 0 100000000 4822777561857.334961 0.000000 0.000000 3086577.639589 5410844.895064
 35 14 0 0 1562500 0 100000000 0 0.000000 3725288.286805 0.000000 -nan 0.000000
 36 15 1 0 1562500 0 100000000 0 0.000000 6208813.340993 0.000000 -nan 0.000000
 125 50 3 0 2 2 16 16 7833.742384 7833.584891 4000.000000 0.000000 0.000000
 126 51 3 1 2 2 16 16 7833.273258 7833.058460 4000.000000 0.000000 0.000000
 130 52 3 2 2 2 16 16 7833.231085 7833.675780 4000.000000 0.000000 0.000000
 131 53 3 3 2 2 16 16 7833.411266 7833.340863 4000.000000 0.000000 0.000000